        Mass   Luminosity  Temperature     Pressure       Radius      Density            e Energy Transport    Opacity  Adiabatic Temperature Gradient  Stellar Gradient
3.381300e+33 2.340467e+34 7.281512e+03 1.380141e+04 1.080965e+11 1.407162e-08 9.196196e-77        radiative   0.932334                             0.4          0.124988
3.381300e+33 2.340467e+34 7.281562e+03 1.380217e+04 1.080965e+11 1.407229e-08 9.196196e-77        radiative   0.932427                             0.4          0.125004
3.381300e+33 2.340467e+34 7.282062e+03 1.380975e+04 1.080965e+11 1.407905e-08 9.196196e-77        radiative   0.933363                             0.4          0.125164
3.381300e+33 2.340467e+34 7.287083e+03 1.388552e+04 1.080962e+11 1.414657e-08 9.196196e-77        radiative   0.942798                             0.4          0.126773
3.381300e+33 2.340467e+34 7.339600e+03 1.464331e+04 1.080935e+11 1.481205e-08 9.196196e-77        radiative   1.045297                             0.4          0.144029
3.381300e+33 2.340467e+34 7.520554e+03 1.684450e+04 1.080862e+11 1.662897e-08 9.196196e-77        radiative   1.460024                             0.4          0.209932
3.381300e+33 2.340467e+34 7.649268e+03 1.810497e+04 1.080824e+11 1.757260e-08 9.196196e-77        radiative   1.825428                             0.4          0.263598
3.381300e+33 2.340467e+34 7.804117e+03 1.936562e+04 1.080788e+11 1.842311e-08 9.196196e-77        radiative   2.362291                             0.4          0.336767
3.381300e+33 2.340467e+34 7.993889e+03 2.062643e+04 1.080753e+11 1.915641e-08 9.196196e-77       convective   3.199405                             0.4          0.400000
3.381300e+33 2.340467e+34 8.185883e+03 2.188739e+04 1.080720e+11 1.985038e-08 9.196196e-77       convective   4.309105                             0.4          0.400000
3.381300e+33 2.340467e+34 9.383104e+03 3.079139e+04 1.080511e+11 2.435971e-08 9.196196e-77       convective  22.864295                             0.4          0.400000
3.381300e+33 2.340467e+34 1.113373e+04 4.722449e+04 1.080206e+11 3.148003e-08 9.196196e-77       convective 123.498778                             0.4          0.400000
3.381300e+33 2.340467e+34 1.325030e+04 7.296550e+04 1.079837e+11 4.085959e-08 9.196196e-77       convective 272.805491                             0.4          0.400000
3.381300e+33 2.340467e+34 1.576255e+04 1.126234e+05 1.079399e+11 5.299887e-08 9.196196e-77       convective 286.056017                             0.4          0.400000
3.381300e+33 2.340467e+34 1.850415e+04 1.681653e+05 1.078922e+11 6.738578e-08 9.196196e-77       convective 217.629857                             0.4          0.400000
3.381300e+33 2.340467e+34 2.207228e+04 2.613191e+05 1.078302e+11 8.773910e-08 9.196196e-77       convective 176.181780                             0.4          0.400000
3.381300e+33 2.340467e+34 2.625398e+04 4.032272e+05 1.077575e+11 1.137437e-07 9.196196e-77       convective 157.181670                             0.4          0.400000
3.381300e+33 2.340467e+34 3.083887e+04 6.029887e+05 1.076778e+11 1.446871e-07 9.196196e-77       convective 146.037467                             0.4          0.400000
3.381300e+33 2.340467e+34 3.680073e+04 9.379797e+05 1.075743e+11 1.883889e-07 9.196196e-77       convective 139.696164                             0.4          0.400000
3.381300e+33 2.340467e+34 4.379703e+04 1.449349e+06 1.074529e+11 2.442328e-07 9.196196e-77       convective 141.693318                             0.4          0.400000
3.381300e+33 2.340467e+34 5.147290e+04 2.170246e+06 1.073198e+11 3.106264e-07 9.196196e-77       convective 124.931762                             0.4          0.400000
3.381300e+33 2.340467e+34 6.147200e+04 3.382553e+06 1.071466e+11 4.043748e-07 9.196196e-77       convective  79.857961                             0.4          0.400000
3.381300e+33 2.340467e+34 6.667661e+04 4.152849e+06 1.070556e+11 4.570814e-07 9.196196e-77        radiative  62.946641                             0.4          0.361147
3.381300e+33 2.340467e+34 7.050437e+04 4.925620e+06 1.069745e+11 5.123664e-07 9.196196e-77        radiative  55.091237                             0.4          0.299874
3.381300e+33 2.340467e+34 7.470139e+04 6.054601e+06 1.068709e+11 5.942266e-07 9.196196e-77        radiative  49.826109                             0.4          0.264538
3.381300e+33 2.340467e+34 8.105232e+04 8.392413e+06 1.066955e+11 7.591321e-07 9.196196e-77        radiative  45.331679                             0.4          0.240706
3.381300e+33 2.340467e+34 8.922492e+04 1.259827e+07 1.064581e+11 1.035487e-06 9.196196e-77        radiative  43.001201                             0.4          0.233403
3.381300e+33 2.340467e+34 9.885190e+04 1.945319e+07 1.061793e+11 1.443648e-06 9.196196e-77        radiative  42.705264                             0.4          0.237570
3.381300e+33 2.340467e+34 1.123872e+05 3.306148e+07 1.057997e+11 2.158505e-06 9.196196e-77        radiative  43.395739                             0.4          0.245563
3.381300e+33 2.340467e+34 1.261875e+05 5.256704e+07 1.054274e+11 3.056659e-06 9.196196e-77        radiative  44.654314                             0.4          0.252797
3.381299e+33 2.340467e+34 1.454236e+05 9.131271e+07 1.049271e+11 4.606421e-06 9.196196e-77        radiative  46.799558                             0.4          0.260911
3.381299e+33 2.340467e+34 1.658373e+05 1.501118e+08 1.044156e+11 6.638102e-06 9.196196e-77        radiative  49.049002                             0.4          0.265813
3.381298e+33 2.340467e+34 1.902996e+05 2.520641e+08 1.038116e+11 9.709617e-06 9.196196e-77        radiative  50.138825                             0.4          0.263144
3.381297e+33 2.340467e+34 2.149383e+05 4.033064e+08 1.031949e+11 1.375154e-05 9.196196e-77        radiative  49.125822                             0.4          0.253484
3.381295e+33 2.340467e+34 2.509181e+05 7.553865e+08 1.022630e+11 2.206564e-05 9.196197e-77        radiative  46.161510                             0.4          0.240205
3.381292e+33 2.340467e+34 2.806408e+05 1.216823e+09 1.014683e+11 3.179231e-05 9.204123e-77        radiative  42.998383                             0.4          0.230323
3.381288e+33 2.340467e+34 3.125469e+05 1.960762e+09 1.005958e+11 4.602688e-05 4.815723e-76        radiative  39.534797                             0.4          0.221822
3.381281e+33 2.340467e+34 3.472374e+05 3.171334e+09 9.963613e+10 6.705491e-05 1.213381e-72        radiative  36.303964                             0.4          0.216248
3.381269e+33 2.340467e+34 3.888453e+05 5.376187e+09 9.848649e+10 1.015968e-04 5.196463e-69        radiative  33.149449                             0.4          0.212866
3.381252e+33 2.340467e+34 4.307561e+05 8.713074e+09 9.734328e+10 1.487495e-04 7.791419e-66        radiative  30.543100                             0.4          0.211069
3.381221e+33 2.340467e+34 4.836672e+05 1.511342e+10 9.592777e+10 2.299838e-04 2.318460e-62        radiative  27.743665                             0.4          0.209223
3.381172e+33 2.340467e+34 5.411139e+05 2.592864e+10 9.442061e+10 3.529552e-04 4.101695e-59        radiative  24.979984                             0.4          0.206297
3.381090e+33 2.340467e+34 6.061343e+05 4.513995e+10 9.274631e+10 5.489968e-04 6.093290e-56        radiative  22.210249                             0.4          0.202827
3.380961e+33 2.340467e+34 6.765708e+05 7.781651e+10 9.097613e+10 8.485245e-04 5.680702e-53        radiative  19.779527                             0.4          0.200603
3.380744e+33 2.340467e+34 7.582787e+05 1.373811e+11 8.899460e+10 1.337579e-03 5.355537e-50        radiative  17.694742                             0.4          0.200811
3.380447e+33 2.340467e+34 8.382662e+05 2.263220e+11 8.714046e+10 1.994407e-03 1.810988e-47        radiative  16.038969                             0.4          0.200791
3.379847e+33 2.340467e+34 9.520702e+05 4.249042e+11 8.464797e+10 3.298862e-03 2.260066e-44        radiative  14.442579                             0.4          0.204036
3.379081e+33 2.340467e+34 1.057875e+06 7.076417e+11 8.250254e+10 4.946540e-03 6.611024e-42        radiative  13.602858                             0.4          0.210015
3.377761e+33 2.340467e+34 1.195038e+06 1.254035e+12 7.995561e+10 7.762620e-03 3.679636e-39        radiative  12.792940                             0.4          0.215015
3.375605e+33 2.340467e+34 1.360881e+06 2.274920e+12 7.714360e+10 1.236963e-02 2.359464e-36        radiative  12.256694                             0.4          0.222357
3.372510e+33 2.340467e+34 1.542434e+06 3.967052e+12 7.436760e+10 1.903535e-02 9.202660e-34        radiative  11.828321                             0.4          0.226963
3.367238e+33 2.340467e+34 1.777673e+06 7.360132e+12 7.111299e+10 3.064857e-02 5.957249e-31        radiative  11.498218                             0.4          0.232369
3.360514e+33 2.340467e+34 2.011346e+06 1.249151e+13 6.819125e+10 4.597860e-02 1.310259e-28        radiative  11.165605                             0.4          0.234146
3.348066e+33 2.340467e+34 2.345128e+06 2.407597e+13 6.440955e+10 7.601588e-02 8.039374e-26        radiative  10.643142                             0.4          0.233634
3.330608e+33 2.340467e+34 2.701733e+06 4.445163e+13 6.074385e+10 1.218416e-01 2.308429e-23        radiative   9.724615                             0.4          0.224911
3.302437e+33 2.340467e+34 3.129866e+06 8.675529e+13 5.665454e+10 2.053157e-01 6.596745e-21        radiative   8.561140                             0.4          0.216389
3.265224e+33 2.340467e+34 3.555217e+06 1.596526e+14 5.289265e+10 3.327190e-01 7.448668e-19        radiative   7.173471                             0.4          0.202710
3.203206e+33 2.340466e+34 4.091141e+06 3.230862e+14 4.856887e+10 5.853134e-01 1.142180e-16        radiative   5.900132                             0.4          0.196145
3.123619e+33 2.340463e+34 4.627264e+06 6.093296e+14 4.473285e+10 9.762664e-01 8.069432e-15        radiative   4.904953                             0.4          0.192723
3.005638e+33 2.340445e+34 5.262964e+06 1.194711e+15 4.073691e+10 1.683424e+00 5.924349e-13        radiative   3.980216                             0.4          0.190486
2.832692e+33 2.340343e+34 6.020901e+06 2.414483e+15 3.664332e+10 2.974618e+00 4.443355e-11        radiative   3.208147                             0.4          0.192461
2.595928e+33 2.339829e+34 6.897149e+06 4.827618e+15 3.266592e+10 5.192957e+00 2.878955e-09        radiative   2.637107                             0.4          0.201307
2.281520e+33 2.337389e+34 7.933445e+06 9.488878e+15 2.877359e+10 8.874843e+00 1.715045e-07        radiative   2.161937                             0.4          0.213465
1.816788e+33 2.323547e+34 9.401334e+06 1.988106e+16 2.435516e+10 1.569223e+01 1.800500e-05        radiative   1.799342                             0.4          0.246129
1.175943e+33 2.241498e+34 1.159462e+07 4.290658e+16 1.921860e+10 2.745814e+01 3.553065e-03        radiative   1.452601                             0.4          0.305926
6.762600e+32 2.026260e+34 1.371695e+07 7.109723e+16 1.507871e+10 3.845163e+01 1.729187e-01        radiative   1.220174                             0.4          0.364193
6.762600e+32 2.026277e+34 1.371667e+07 7.110816e+16 1.507477e+10 3.845831e+01 1.728783e-01        radiative   1.220285                             0.4          0.364360
5.323479e+32 1.907147e+34 1.445987e+07 8.184776e+16 1.369882e+10 4.198769e+01 5.512909e-01        radiative   1.155661                             0.4          0.386932
3.680724e+32 1.706492e+34 1.542937e+07 9.636113e+16 1.189003e+10 4.632059e+01 2.212984e+00       convective   1.080577                             0.4          0.400000
2.443721e+32 1.471129e+34 1.624793e+07 1.096548e+17 1.021901e+10 5.004928e+01 6.553156e+00       convective   1.023364                             0.4          0.400000
1.594125e+32 1.224403e+34 1.688439e+07 1.207113e+17 8.763828e+09 5.301387e+01 1.451546e+01       convective   0.981612                             0.4          0.400000
1.066869e+32 1.004422e+34 1.733321e+07 1.288939e+17 7.607012e+09 5.513795e+01 2.484240e+01       convective   0.954635                             0.4          0.400000
6.692757e+31 7.784900e+33 1.772082e+07 1.362210e+17 6.469619e+09 5.699436e+01 3.893866e+01       convective   0.932809                             0.4          0.400000
4.461141e+31 6.155401e+33 1.797129e+07 1.410858e+17 5.627950e+09 5.820477e+01 5.170505e+01       convective   0.919374                             0.4          0.400000
4.237979e+31 5.972918e+33 1.799835e+07 1.416174e+17 5.530037e+09 5.833603e+01 5.329684e+01       convective   0.917953                             0.4          0.400000
4.014818e+31 5.727730e+33 1.802588e+07 1.421595e+17 5.428763e+09 5.846965e+01 5.496294e+01       convective   0.916548                             0.4          0.400000
3.564589e+31 5.203358e+33 1.808298e+07 1.432880e+17 5.212861e+09 5.874717e+01 5.857553e+01       convective   0.913675                             0.4          0.400000
2.940119e+31 4.439834e+33 1.816625e+07 1.449433e+17 4.882084e+09 5.915267e+01 6.424331e+01       convective   0.909529                             0.4          0.400000
1.891744e+31 3.046753e+33 1.832075e+07 1.480447e+17 4.204218e+09 5.990742e+01 7.613883e+01       convective   0.901969                             0.4          0.400000
1.191463e+31 2.019764e+33 1.844040e+07 1.504737e+17 3.596806e+09 6.049411e+01 8.673221e+01       convective   0.896231                             0.4          0.400000
7.575556e+30 1.333457e+33 1.852664e+07 1.522393e+17 3.088491e+09 6.091818e+01 9.520491e+01       convective   0.892155                             0.4          0.400000
4.872483e+30 8.816316e+32 1.858892e+07 1.535219e+17 2.663373e+09 6.122499e+01 1.017967e+02       convective   0.889244                             0.4          0.400000
3.068772e+30 5.673774e+32 1.863717e+07 1.545201e+17 2.281228e+09 6.146306e+01 1.071943e+02       convective   0.887006                             0.4          0.400000
1.951417e+30 3.664935e+32 1.867198e+07 1.552426e+17 1.960548e+09 6.163499e+01 1.112527e+02       convective   0.885402                             0.4          0.400000
1.255209e+30 2.384417e+32 1.869713e+07 1.557660e+17 1.691741e+09 6.175934e+01 1.142746e+02       convective   0.884247                             0.4          0.400000
7.906115e+29 1.515241e+32 1.871663e+07 1.561725e+17 1.449714e+09 6.185581e+01 1.166699e+02       convective   0.883354                             0.4          0.400000
5.027822e+29 9.698095e+31 1.873071e+07 1.564663e+17 1.246367e+09 6.192546e+01 1.184277e+02       convective   0.882712                             0.4          0.400000
3.234208e+29 6.267515e+31 1.874089e+07 1.566789e+17 1.075757e+09 6.197583e+01 1.197139e+02       convective   0.882248                             0.4          0.400000
2.037194e+29 3.962136e+31 1.874878e+07 1.568439e+17 9.220386e+08 6.201490e+01 1.207203e+02       convective   0.881889                             0.4          0.400000
1.295577e+29 2.526353e+31 1.875447e+07 1.569631e+17 7.928220e+08 6.204311e+01 1.214516e+02       convective   0.881630                             0.4          0.400000
8.334151e+28 1.628221e+31 1.875859e+07 1.570493e+17 6.843671e+08 6.206351e+01 1.219831e+02       convective   0.881443                             0.4          0.400000
5.249689e+28 1.027123e+31 1.876179e+07 1.571161e+17 5.866233e+08 6.207934e+01 1.223967e+02       convective   0.881298                             0.4          0.400000
3.338643e+28 6.539117e+30 1.876410e+07 1.571644e+17 5.044421e+08 6.209076e+01 1.226962e+02       convective   0.881193                             0.4          0.400000
2.147695e+28 4.209733e+30 1.876576e+07 1.571994e+17 4.354549e+08 6.209902e+01 1.229131e+02       convective   0.881117                             0.4          0.400000
1.352845e+28 2.653311e+30 1.876706e+07 1.572264e+17 3.732739e+08 6.210543e+01 1.230817e+02       convective   0.881058                             0.4          0.400000
8.603729e+27 1.688159e+30 1.876799e+07 1.572460e+17 3.209888e+08 6.211006e+01 1.232035e+02       convective   0.881016                             0.4          0.400000
5.534661e+27 1.086307e+30 1.876867e+07 1.572602e+17 2.770953e+08 6.211341e+01 1.232916e+02       convective   0.880985                             0.4          0.400000
3.486324e+27 6.844378e+29 1.876919e+07 1.572711e+17 2.375305e+08 6.211600e+01 1.233600e+02       convective   0.880962                             0.4          0.400000
2.217214e+27 4.353607e+29 1.876957e+07 1.572790e+17 2.042612e+08 6.211787e+01 1.234095e+02       convective   0.880945                             0.4          0.400000
1.426305e+27 2.800973e+29 1.876984e+07 1.572848e+17 1.763308e+08 6.211923e+01 1.234452e+02       convective   0.880932                             0.4          0.400000
8.984415e+26 1.764528e+29 1.877005e+07 1.572892e+17 1.511544e+08 6.212028e+01 1.234729e+02       convective   0.880923                             0.4          0.400000
5.713865e+26 1.122275e+29 1.877021e+07 1.572924e+17 1.299837e+08 6.212104e+01 1.234930e+02       convective   0.880916                             0.4          0.400000
3.675659e+26 7.219826e+28 1.877032e+07 1.572947e+17 1.122102e+08 6.212159e+01 1.235074e+02       convective   0.880911                             0.4          0.400000
2.315329e+26 4.548009e+28 1.877040e+07 1.572965e+17 9.618914e+07 6.212201e+01 1.235187e+02       convective   0.880907                             0.4          0.400000
1.472492e+26 2.892505e+28 1.877047e+07 1.572978e+17 8.271702e+07 6.212232e+01 1.235268e+02       convective   0.880904                             0.4          0.400000
9.472366e+25 1.860752e+28 1.877051e+07 1.572988e+17 7.140669e+07 6.212254e+01 1.235327e+02       convective   0.880902                             0.4          0.400000
5.966725e+25 1.172122e+28 1.877055e+07 1.572995e+17 6.121147e+07 6.212272e+01 1.235372e+02       convective   0.880900                             0.4          0.400000
3.794691e+25 7.454497e+27 1.877057e+07 1.573000e+17 5.263831e+07 6.212284e+01 1.235405e+02       convective   0.880899                             0.4          0.400000
2.441079e+25 4.795429e+27 1.877059e+07 1.573004e+17 4.544082e+07 6.212293e+01 1.235429e+02       convective   0.880898                             0.4          0.400000
1.537657e+25 3.020702e+27 1.877060e+07 1.573007e+17 3.895294e+07 6.212300e+01 1.235447e+02       convective   0.880898                             0.4          0.400000
9.779123e+24 1.921102e+27 1.877061e+07 1.573009e+17 3.349727e+07 6.212305e+01 1.235460e+02       convective   0.880897                             0.4          0.400000
6.290793e+24 1.235826e+27 1.877062e+07 1.573011e+17 2.891704e+07 6.212309e+01 1.235470e+02       convective   0.880897                             0.4          0.400000
3.962625e+24 7.784595e+26 1.877063e+07 1.573012e+17 2.478837e+07 6.212311e+01 1.235477e+02       convective   0.880897                             0.4          0.400000
2.520133e+24 4.950822e+26 1.877063e+07 1.573013e+17 2.131656e+07 6.212313e+01 1.235483e+02       convective   0.880896                             0.4          0.400000
1.621171e+24 3.184809e+26 1.877063e+07 1.573014e+17 1.840185e+07 6.212315e+01 1.235487e+02       convective   0.880896                             0.4          0.400000
1.021190e+24 2.006141e+26 1.877064e+07 1.573014e+17 1.577450e+07 6.212316e+01 1.235490e+02       convective   0.880896                             0.4          0.400000
6.494518e+23 1.275858e+26 1.877064e+07 1.573014e+17 1.356516e+07 6.212317e+01 1.235492e+02       convective   0.880896                             0.4          0.400000
4.177846e+23 8.207444e+25 1.877064e+07 1.573015e+17 1.171034e+07 6.212318e+01 1.235494e+02       convective   0.880896                             0.4          0.400000
2.631662e+23 5.169943e+25 1.877064e+07 1.573015e+17 1.003838e+07 6.212318e+01 1.235495e+02       convective   0.880896                             0.4          0.400000
1.673673e+23 3.287958e+25 1.877064e+07 1.573015e+17 8.632425e+06 6.212318e+01 1.235496e+02       convective   0.880896                             0.4          0.400000
1.076654e+23 2.115105e+25 1.877064e+07 1.573015e+17 7.452075e+06 6.212319e+01 1.235496e+02       convective   0.880896                             0.4          0.400000
6.781935e+22 1.332323e+25 1.877064e+07 1.573015e+17 6.388095e+06 6.212319e+01 1.235497e+02       convective   0.880896                             0.4          0.400000
4.313145e+22 8.473251e+24 1.877064e+07 1.573015e+17 5.493393e+06 6.212319e+01 1.235497e+02       convective   0.880896                             0.4          0.400000
2.774595e+22 5.450742e+24 1.877064e+07 1.573015e+17 4.742257e+06 6.212319e+01 1.235497e+02       convective   0.880896                             0.4          0.400000
1.747741e+22 3.433470e+24 1.877064e+07 1.573015e+17 4.065175e+06 6.212319e+01 1.235498e+02       convective   0.880896                             0.4          0.400000
1.111521e+22 2.183603e+24 1.877064e+07 1.573015e+17 3.495816e+06 6.212319e+01 1.235498e+02       convective   0.880896                             0.4          0.400000
7.150281e+21 1.404686e+24 1.877064e+07 1.573015e+17 3.017817e+06 6.212319e+01 1.235498e+02       convective   0.880896                             0.4          0.400000
4.504024e+21 8.848240e+23 1.877064e+07 1.573015e+17 2.586944e+06 6.212319e+01 1.235498e+02       convective   0.880896                             0.4          0.400000
2.864449e+21 5.627264e+23 1.877064e+07 1.573015e+17 2.224623e+06 6.212319e+01 1.235498e+02       convective   0.880896                             0.4          0.400000
1.842666e+21 3.619952e+23 1.877064e+07 1.573015e+17 1.920440e+06 6.212319e+01 1.235498e+02       convective   0.880896                             0.4          0.400000
1.160711e+21 2.280239e+23 1.877064e+07 1.573015e+17 1.646247e+06 6.212319e+01 1.235498e+02       convective   0.880896                             0.4          0.400000
7.381841e+20 1.450177e+23 1.877064e+07 1.573015e+17 1.415677e+06 6.212319e+01 1.235498e+02       convective   0.880896                             0.4          0.400000
4.748651e+20 9.328813e+22 1.877064e+07 1.573015e+17 1.222105e+06 6.212319e+01 1.235498e+02       convective   0.880896                             0.4          0.400000
2.991216e+20 5.876301e+22 1.877064e+07 1.573015e+17 1.047618e+06 6.212319e+01 1.235498e+02       convective   0.880896                             0.4          0.400000
1.902341e+20 3.737184e+22 1.877064e+07 1.573015e+17 9.008906e+05 6.212319e+01 1.235498e+02       convective   0.880896                             0.4          0.400000
1.223753e+20 2.404086e+22 1.877064e+07 1.573015e+17 7.777078e+05 6.212319e+01 1.235498e+02       convective   0.880896                             0.4          0.400000
7.708527e+19 1.514355e+22 1.877064e+07 1.573015e+17 6.666695e+05 6.212319e+01 1.235498e+02       convective   0.880896                             0.4          0.400000
4.902435e+19 9.630925e+21 1.877064e+07 1.573015e+17 5.732973e+05 6.212319e+01 1.235498e+02       convective   0.880896                             0.4          0.400000
3.153678e+19 6.195459e+21 1.877064e+07 1.573015e+17 4.949078e+05 6.212319e+01 1.235498e+02       convective   0.880896                             0.4          0.400000
1.986529e+19 3.902574e+21 1.877064e+07 1.573015e+17 4.242467e+05 6.212319e+01 1.235498e+02       convective   0.880896                             0.4          0.400000
1.263384e+19 2.481942e+21 1.877064e+07 1.573015e+17 3.648277e+05 6.212319e+01 1.235498e+02       convective   0.880896                             0.4          0.400000
8.127199e+18 1.596603e+21 1.877064e+07 1.573015e+17 3.149431e+05 6.212319e+01 1.235498e+02       convective   0.880896                             0.4          0.400000
5.119393e+18 1.005714e+21 1.877064e+07 1.573015e+17 2.699767e+05 6.212319e+01 1.235498e+02       convective   0.880896                             0.4          0.400000
3.255809e+18 6.396098e+20 1.877064e+07 1.573015e+17 2.321644e+05 6.212319e+01 1.235498e+02       convective   0.880896                             0.4          0.400000
2.094423e+18 4.114534e+20 1.877064e+07 1.573015e+17 2.004195e+05 6.212319e+01 1.235498e+02       convective   0.880896                             0.4          0.400000
1.319295e+18 2.591781e+20 1.877064e+07 1.573015e+17 1.718044e+05 6.212319e+01 1.235498e+02       convective   0.880896                             0.4          0.400000
8.390396e+17 1.648309e+20 1.877064e+07 1.573015e+17 1.477418e+05 6.212319e+01 1.235498e+02       convective   0.880896                             0.4          0.400000
5.397442e+17 1.060338e+20 1.877064e+07 1.573015e+17 1.275404e+05 6.212319e+01 1.235498e+02       convective   0.880896                             0.4          0.400000
3.399896e+17 6.679159e+19 1.877064e+07 1.573015e+17 1.093307e+05 6.212319e+01 1.235498e+02       convective   0.880896                             0.4          0.400000
2.162251e+17 4.247782e+19 1.877064e+07 1.573015e+17 9.401807e+04 6.212319e+01 1.235498e+02       convective   0.880896                             0.4          0.400000
1.390950e+17 2.732547e+19 1.877064e+07 1.573015e+17 8.116255e+04 6.212319e+01 1.235498e+02       convective   0.880896                             0.4          0.400000
8.761715e+16 1.721255e+19 1.877064e+07 1.573015e+17 6.957446e+04 6.212319e+01 1.235498e+02       convective   0.880896                             0.4          0.400000
5.572237e+16 1.094676e+19 1.877064e+07 1.573015e+17 5.983002e+04 6.212319e+01 1.235498e+02       convective   0.880896                             0.4          0.400000
3.584554e+16 7.041923e+18 1.877064e+07 1.573015e+17 5.164919e+04 6.212319e+01 1.235498e+02       convective   0.880896                             0.4          0.400000
2.257941e+16 4.435768e+18 1.877064e+07 1.573015e+17 4.427491e+04 6.212319e+01 1.235498e+02       convective   0.880896                             0.4          0.400000
1.435996e+16 2.821040e+18 1.877064e+07 1.573015e+17 3.807387e+04 6.212319e+01 1.235498e+02       convective   0.880896                             0.4          0.400000
9.237589e+15 1.814742e+18 1.877064e+07 1.573015e+17 3.286786e+04 6.212319e+01 1.235498e+02       convective   0.880896                             0.4          0.400000
5.818838e+15 1.143122e+18 1.877064e+07 1.573015e+17 2.817511e+04 6.212319e+01 1.235498e+02       convective   0.880896                             0.4          0.400000
3.700639e+15 7.269974e+17 1.877064e+07 1.573015e+17 2.422896e+04 6.212319e+01 1.235498e+02       convective   0.880896                             0.4          0.400000
2.380577e+15 4.676688e+17 1.877064e+07 1.573015e+17 2.091603e+04 6.212319e+01 1.235498e+02       convective   0.880896                             0.4          0.400000
1.499546e+15 2.945886e+17 1.877064e+07 1.573015e+17 1.792972e+04 6.212319e+01 1.235498e+02       convective   0.880896                             0.4          0.400000
9.536746e+14 1.873512e+17 1.877064e+07 1.573015e+17 1.541852e+04 6.212319e+01 1.235498e+02       convective   0.880896                             0.4          0.400000
6.134875e+14 1.205208e+17 1.877064e+07 1.573015e+17 1.331028e+04 6.212319e+01 1.235498e+02       convective   0.880896                             0.4          0.400000
3.864411e+14 7.591708e+16 1.877064e+07 1.573015e+17 1.140988e+04 6.212319e+01 1.235498e+02       convective   0.880896                             0.4          0.400000
2.457671e+14 4.828141e+16 1.877064e+07 1.573015e+17 9.811842e+03 6.212319e+01 1.235498e+02       convective   0.880896                             0.4          0.400000
1.580990e+14 3.105885e+16 1.877064e+07 1.573015e+17 8.470225e+03 6.212319e+01 1.235498e+02       convective   0.880896                             0.4          0.400000
9.958796e+13 1.956424e+16 1.877064e+07 1.573015e+17 7.260877e+03 6.212319e+01 1.235498e+02       convective   0.880896                             0.4          0.400000
6.333550e+13 1.244238e+16 1.877064e+07 1.573015e+17 6.243935e+03 6.212319e+01 1.235498e+02       convective   0.880896                             0.4          0.400000
4.074297e+13 8.004033e+15 1.877064e+07 1.573015e+17 5.390174e+03 6.212319e+01 1.235498e+02       convective   0.880896                             0.4          0.400000
2.566435e+13 5.041810e+15 1.877064e+07 1.573015e+17 4.620585e+03 6.212319e+01 1.235498e+02       convective   0.880896                             0.4          0.400000
1.632190e+13 3.206467e+15 1.877064e+07 1.573015e+17 3.973436e+03 6.212319e+01 1.235498e+02       convective   0.880896                             0.4          0.400000
1.049968e+13 2.062682e+15 1.877064e+07 1.573015e+17 3.430130e+03 6.212319e+01 1.235498e+02       convective   0.880896                             0.4          0.400000
6.613836e+12 1.299300e+15 1.877064e+07 1.573015e+17 2.940389e+03 6.212319e+01 1.235498e+02       convective   0.880896                             0.4          0.400000
4.206235e+12 8.263228e+14 1.877064e+07 1.573015e+17 2.528565e+03 6.212319e+01 1.235498e+02       convective   0.880896                             0.4          0.400000
2.705817e+12 5.315629e+14 1.877064e+07 1.573015e+17 2.182823e+03 6.212319e+01 1.235498e+02       convective   0.880896                             0.4          0.400000
1.704414e+12 3.348354e+14 1.877064e+07 1.573015e+17 1.871167e+03 6.212319e+01 1.235498e+02       convective   0.880896                             0.4          0.400000
1.083964e+12 2.129468e+14 1.877064e+07 1.573015e+17 1.609096e+03 6.212319e+01 1.235498e+02       convective   0.880896                             0.4          0.400000
6.972923e+11 1.369844e+14 1.877064e+07 1.573015e+17 1.389073e+03 6.212319e+01 1.235498e+02       convective   0.880896                             0.4          0.400000
4.392200e+11 8.628559e+13 1.877064e+07 1.573015e+17 1.190739e+03 6.212319e+01 1.235498e+02       convective   0.880896                             0.4          0.400000
2.793377e+11 5.487643e+13 1.877064e+07 1.573015e+17 1.023976e+03 6.212319e+01 1.235498e+02       convective   0.880896                             0.4          0.400000
1.796449e+11 3.529157e+13 1.877064e+07 1.573015e+17 8.838853e+02 6.212319e+01 1.235498e+02       convective   0.880896                             0.4          0.400000
1.130978e+11 2.221827e+13 1.877064e+07 1.573015e+17 7.575535e+02 6.212319e+01 1.235498e+02       convective   0.880896                             0.4          0.400000
7.198050e+10 1.414070e+13 1.877064e+07 1.573015e+17 6.516174e+02 6.212319e+01 1.235498e+02       convective   0.880896                             0.4          0.400000
4.594397e+10 9.025779e+12 1.877064e+07 1.573015e+17 5.610634e+02 6.212319e+01 1.235498e+02       convective   0.880896                             0.4          0.400000
2.867226e+10 5.632720e+12 1.877064e+07 1.573015e+17 4.794506e+02 6.212319e+01 1.235498e+02       convective   0.880896                             0.4          0.400000
1.837088e+10 3.608993e+12 1.877064e+07 1.573015e+17 4.133003e+02 6.212319e+01 1.235498e+02       convective   0.880896                             0.4          0.400000
1.110202e+10 2.181013e+12 1.877064e+07 1.573015e+17 3.494244e+02 6.212319e+01 1.235498e+02       convective   0.880896                             0.4          0.400000
1.011020e+10 1.986168e+12 1.877064e+07 1.573015e+17 3.386927e+02 6.212319e+01 1.235498e+02       convective   0.880896                             0.4          0.400000
1.001102e+10 1.966684e+12 1.877064e+07 1.573015e+17 3.375815e+02 6.212319e+01 1.235498e+02       convective   0.880896                             0.4          0.400000
1.000110e+10 1.964735e+12 1.877064e+07 1.573015e+17 3.374700e+02 6.212319e+01 1.235498e+02       convective   0.880896                             0.4          0.400000
1.000011e+10 1.964540e+12 1.877064e+07 1.573015e+17 3.374588e+02 6.212319e+01 1.235498e+02       convective   0.880896                             0.4          0.400000
1.000001e+10 1.964521e+12 1.877064e+07 1.573015e+17 3.374577e+02 6.212319e+01 1.235498e+02       convective   0.880896                             0.4          0.400000
1.000000e+10 1.964519e+12 1.877064e+07 1.573015e+17 3.374576e+02 6.212319e+01 1.235498e+02       convective   0.880896                             0.4          0.400000
1.000000e+10 1.964519e+12 1.877064e+07 1.573015e+17 3.374576e+02 6.212319e+01 1.235498e+02       convective   0.880896                             0.4          0.400000
1.000000e+10 1.964519e+12 1.877064e+07 1.573015e+17 3.374576e+02 6.212319e+01 1.235498e+02       convective   0.880896                             0.4          0.400000
1.000000e+10 1.964519e+12 1.877064e+07 1.573015e+17 3.374576e+02 6.212319e+01 1.235498e+02       convective   0.880896                             0.4          0.400000
1.000000e+10 1.964519e+12 1.877064e+07 1.573015e+17 3.374576e+02 6.212319e+01 1.235498e+02       convective   0.880896                             0.4          0.400000
1.000000e+10 1.964519e+12 1.877064e+07 1.573015e+17 3.374576e+02 6.212319e+01 1.235498e+02       convective   0.880896                             0.4          0.400000
1.000000e+10 1.964519e+12 1.877064e+07 1.573015e+17 3.374576e+02 6.212319e+01 1.235498e+02       convective   0.880896                             0.4          0.400000
1.000000e+10 1.964519e+12 1.877064e+07 1.573015e+17 3.374576e+02 6.212319e+01 1.235498e+02       convective   0.880896                             0.4          0.400000
1.000000e+10 1.964519e+12 1.877064e+07 1.573015e+17 3.374576e+02 6.212319e+01 1.235498e+02       convective   0.880896                             0.4          0.400000