        Mass   Luminosity  Temperature     Pressure       Radius      Density            e Energy Transport   Opacity  Adiabatic Temperature Gradient  Stellar Gradient
3.978000e+33 4.678354e+34 8.279409e+03 3.874200e+03 1.182092e+11 3.465113e-09 2.841705e-74        radiative  3.267491                             0.4          0.124988
3.978000e+33 4.678354e+34 8.279575e+03 3.874823e+03 1.182092e+11 3.465602e-09 2.841705e-74        radiative  3.268452                             0.4          0.125035
3.978000e+33 4.678354e+34 8.281242e+03 3.881057e+03 1.182091e+11 3.470487e-09 2.841705e-74        radiative  3.278084                             0.4          0.125504
3.978000e+33 4.678354e+34 8.298134e+03 3.943395e+03 1.182082e+11 3.519136e-09 2.841705e-74        radiative  3.376918                             0.4          0.130298
3.978000e+33 4.678354e+34 8.492635e+03 4.566879e+03 1.181994e+11 3.982840e-09 2.841705e-74        radiative  4.698266                             0.4          0.191362
3.978000e+33 4.678354e+34 8.736647e+03 5.156545e+03 1.181920e+11 4.371595e-09 2.841705e-74        radiative  6.949488                             0.4          0.285366
3.978000e+33 4.678354e+34 9.471399e+03 6.406744e+03 1.181780e+11 5.008532e-09 2.841705e-74       convective 17.963722                             0.4          0.400000
3.978000e+33 4.678354e+34 9.697289e+03 6.795602e+03 1.181740e+11 5.188181e-09 2.841705e-74       convective 23.323410                             0.4          0.400000
3.978000e+33 4.678354e+34 1.162243e+04 1.068680e+04 1.181398e+11 6.800515e-09 2.841705e-74       convective 80.684609                             0.4          0.400000
3.978000e+33 4.678354e+34 1.380483e+04 1.643104e+04 1.181010e+11 8.791672e-09 2.841705e-74       convective 87.985766                             0.4          0.400000
3.978000e+33 4.678354e+34 1.643167e+04 2.539830e+04 1.180542e+11 1.139811e-08 2.841705e-74       convective 59.139555                             0.4          0.400000
3.978000e+33 4.678354e+34 1.927196e+04 3.783697e+04 1.180036e+11 1.444921e-08 2.841705e-74       convective 43.879448                             0.4          0.400000
3.978000e+33 4.678354e+34 2.292071e+04 5.881756e+04 1.179373e+11 1.883536e-08 2.841705e-74        radiative 35.485161                             0.4          0.350841
3.978000e+33 4.678354e+34 2.471034e+04 7.382077e+04 1.178986e+11 2.190775e-08 2.841705e-74        radiative 34.280790                             0.4          0.314908
3.978000e+33 4.678354e+34 2.742161e+04 1.042290e+05 1.178344e+11 2.784699e-08 2.841705e-74        radiative 34.140955                             0.4          0.291986
3.978000e+33 4.678354e+34 3.054335e+04 1.515118e+05 1.177570e+11 3.631264e-08 2.841705e-74        radiative 35.500690                             0.4          0.286739
3.978000e+33 4.678354e+34 3.384576e+04 2.160959e+05 1.176755e+11 4.669872e-08 2.841705e-74        radiative 38.453586                             0.4          0.293789
3.978000e+33 4.678354e+34 3.802184e+04 3.182277e+05 1.175765e+11 6.113878e-08 2.841705e-74        radiative 43.649514                             0.4          0.308357
3.978000e+33 4.678354e+34 4.396563e+04 5.050434e+05 1.174418e+11 8.373386e-08 2.841705e-74        radiative 50.676479                             0.4          0.317798
3.978000e+33 4.678354e+34 5.220127e+04 8.972950e+05 1.172448e+11 1.250143e-07 2.841705e-74        radiative 48.232669                             0.4          0.270409
3.978000e+33 4.678354e+34 5.821172e+04 1.378498e+06 1.170762e+11 1.722028e-07 2.841705e-74        radiative 42.886409                             0.4          0.238865
3.978000e+33 4.678354e+34 6.345656e+04 2.003764e+06 1.169148e+11 2.297633e-07 2.841705e-74        radiative 39.074033                             0.4          0.224026
3.978000e+33 4.678354e+34 7.009450e+04 3.149674e+06 1.167017e+11 3.273183e-07 2.841705e-74        radiative 35.835391                             0.4          0.216926
3.978000e+33 4.678354e+34 7.676662e+04 4.795818e+06 1.164848e+11 4.555655e-07 2.841705e-74        radiative 33.681301                             0.4          0.215790
3.978000e+33 4.678354e+34 8.510649e+04 7.695477e+06 1.162175e+11 6.600948e-07 2.841705e-74        radiative 32.553728                             0.4          0.221541
3.978000e+33 4.678354e+34 9.358774e+04 1.173609e+07 1.159555e+11 9.161161e-07 2.841705e-74        radiative 32.360603                             0.4          0.229685
3.978000e+33 4.678354e+34 1.053126e+05 1.940464e+07 1.156104e+11 1.346764e-06 2.841705e-74        radiative 32.836821                             0.4          0.240334
3.978000e+33 4.678354e+34 1.189774e+05 3.192221e+07 1.152276e+11 1.961387e-06 2.841705e-74        radiative 33.830789                             0.4          0.250044
3.978000e+33 4.678354e+34 1.347557e+05 5.209276e+07 1.148046e+11 2.825571e-06 2.841705e-74        radiative 35.233047                             0.4          0.258231
3.977999e+33 4.678354e+34 1.540580e+05 8.675105e+07 1.143071e+11 4.114195e-06 2.841705e-74        radiative 37.348068                             0.4          0.266855
3.977999e+33 4.678354e+34 1.732217e+05 1.341571e+08 1.138287e+11 5.655396e-06 2.841705e-74        radiative 39.074143                             0.4          0.270124
3.977998e+33 4.678354e+34 2.028054e+05 2.416599e+08 1.130946e+11 8.694701e-06 2.841705e-74        radiative 39.766810                             0.4          0.263558
3.977997e+33 4.678354e+34 2.314985e+05 4.043523e+08 1.123615e+11 1.274169e-05 2.841705e-74        radiative 38.348588                             0.4          0.250488
3.977995e+33 4.678354e+34 2.560491e+05 6.090223e+08 1.117144e+11 1.735304e-05 2.841705e-74        radiative 36.715941                             0.4          0.241360
3.977993e+33 4.678354e+34 2.844287e+05 9.501672e+08 1.109456e+11 2.438267e-05 2.841722e-74        radiative 34.350016                             0.4          0.231368
3.977989e+33 4.678354e+34 3.166653e+05 1.527868e+09 1.100465e+11 3.524372e-05 2.920283e-74        radiative 31.465514                             0.4          0.221814
3.977983e+33 4.678354e+34 3.489259e+05 2.382132e+09 1.091317e+11 4.991470e-05 1.306057e-72        radiative 28.933724                             0.4          0.215729
3.977973e+33 4.678354e+34 3.874585e+05 3.890079e+09 1.080358e+11 7.348628e-05 2.938184e-69        radiative 26.422899                             0.4          0.211597
3.977956e+33 4.678354e+34 4.324931e+05 6.561365e+09 1.067649e+11 1.111732e-04 7.610410e-66        radiative 24.006021                             0.4          0.208868
3.977927e+33 4.678354e+34 4.848286e+05 1.136883e+10 1.053094e+11 1.720430e-04 2.022026e-62        radiative 21.648468                             0.4          0.206665
3.977885e+33 4.678354e+34 5.378169e+05 1.884234e+10 1.038599e+11 2.573208e-04 2.050951e-59        radiative 19.457347                             0.4          0.203312
3.977799e+33 4.678354e+34 6.098702e+05 3.516634e+10 1.019185e+11 4.240575e-04 6.774035e-56        radiative 16.916103                             0.4          0.199512
3.977685e+33 4.678354e+34 6.743278e+05 5.827981e+10 1.002228e+11 6.362223e-04 3.522569e-53        radiative 15.145737                             0.4          0.198074
3.977482e+33 4.678354e+34 7.545649e+05 1.026878e+11 9.818718e+10 1.002804e-03 3.064175e-50        radiative 13.559835                             0.4          0.199302
3.977206e+33 4.678354e+34 8.327316e+05 1.679131e+11 9.630199e+10 1.486952e-03 9.489534e-48        radiative 12.464173                             0.4          0.201969
3.976703e+33 4.678354e+34 9.361233e+05 2.981734e+11 9.395694e+10 2.350558e-03 6.794832e-45        radiative 11.440666                             0.4          0.206157
3.975966e+33 4.678354e+34 1.046387e+06 5.087556e+11 9.163114e+10 3.589991e-03 2.802410e-42        radiative 10.746889                             0.4          0.211697
3.974552e+33 4.678354e+34 1.199696e+06 9.628064e+11 8.866477e+10 5.928844e-03 3.376107e-39        radiative 10.000183                             0.4          0.215828
3.972585e+33 4.678354e+34 1.355221e+06 1.681279e+12 8.589985e+10 9.168361e-03 1.448721e-36        radiative  9.617943                             0.4          0.222711
3.969680e+33 4.678354e+34 1.531355e+06 2.889326e+12 8.305644e+10 1.394749e-02 4.934268e-34        radiative  9.316014                             0.4          0.227563
3.964611e+33 4.678354e+34 1.764532e+06 5.343480e+12 7.963771e+10 2.239073e-02 3.203668e-31        radiative  9.097201                             0.4          0.233425
3.957630e+33 4.678354e+34 2.011560e+06 9.333514e+12 7.636523e+10 3.431245e-02 9.819235e-29        radiative  8.873323                             0.4          0.235884
3.945968e+33 4.678354e+34 2.329903e+06 1.736101e+13 7.254414e+10 5.511112e-02 4.563002e-26        radiative  8.608143                             0.4          0.237199
3.928793e+33 4.678354e+34 2.689167e+06 3.195145e+13 6.862651e+10 8.789043e-02 1.409191e-23        radiative  7.991456                             0.4          0.229361
3.902357e+33 4.678354e+34 3.101320e+06 6.031026e+13 6.442371e+10 1.438886e-01 3.383012e-21        radiative  7.163726                             0.4          0.220877
3.866158e+33 4.678354e+34 3.525787e+06 1.100536e+14 6.038264e+10 2.310323e-01 3.943359e-19        radiative  6.052538                             0.4          0.205766
3.818048e+33 4.678353e+34 3.957762e+06 1.949339e+14 5.653707e+10 3.646884e-01 2.526750e-17        radiative  5.193017                             0.4          0.199437
3.735925e+33 4.678352e+34 4.531090e+06 3.882654e+14 5.194216e+10 6.347467e-01 2.800248e-15        radiative  4.264459                             0.4          0.194061
3.623194e+33 4.678342e+34 5.149640e+06 7.529330e+14 4.759183e+10 1.083479e+00 2.045450e-13        radiative  3.537978                             0.4          0.192983
3.460350e+33 4.678289e+34 5.874266e+06 1.486742e+15 4.319789e+10 1.876156e+00 1.428296e-11        radiative  2.913749                             0.4          0.194154
3.229652e+33 4.678017e+34 6.723627e+06 2.964228e+15 3.880427e+10 3.269018e+00 9.320455e-10        radiative  2.391885                             0.4          0.198662
2.901689e+33 4.676588e+34 7.761268e+06 6.015000e+15 3.431657e+10 5.747869e+00 6.437833e-08        radiative  1.953197                             0.4          0.207359
2.673895e+33 4.674049e+34 8.424529e+06 8.847970e+15 3.184423e+10 7.790031e+00 6.561448e-07        radiative  1.784094                             0.4          0.219133
2.313009e+33 4.664624e+34 9.454098e+06 1.466632e+16 2.852228e+10 1.150719e+01 1.504534e-05        radiative  1.576003                             0.4          0.237362
1.615279e+33 4.600169e+34 1.151741e+07 3.141949e+16 2.309665e+10 2.023465e+01 2.264138e-03        radiative  1.313285                             0.4          0.287050
1.108572e+33 4.457374e+34 1.325362e+07 4.954535e+16 1.932556e+10 2.772368e+01 6.137928e-02        radiative  1.152027                             0.4          0.334313
7.956000e+32 4.275108e+34 1.453781e+07 6.434069e+16 1.679930e+10 3.281640e+01 4.800575e-01        radiative  1.058324                             0.4          0.376076
7.956000e+32 4.275067e+34 1.453694e+07 6.433866e+16 1.679932e+10 3.281734e+01 4.794934e-01        radiative  1.058428                             0.4          0.376195
7.220154e+32 4.213323e+34 1.487765e+07 6.835761e+16 1.615434e+10 3.406685e+01 7.913128e-01        radiative  1.035446                             0.4          0.388785
5.177821e+32 3.973587e+34 1.591586e+07 8.095628e+16 1.418568e+10 3.770653e+01 3.307542e+00       convective  0.972323                             0.4          0.400000
3.501453e+32 3.634082e+34 1.685770e+07 9.346980e+16 1.224778e+10 4.109518e+01 1.091750e+01       convective  0.917904                             0.4          0.400000
2.272802e+32 3.191382e+34 1.763530e+07 1.046254e+17 1.046650e+10 4.396487e+01 2.743005e+01       convective  0.878737                             0.4          0.400000
1.839302e+32 2.957081e+34 1.793848e+07 1.091803e+17 9.705188e+09 4.510074e+01 3.872086e+01       convective  0.864681                             0.4          0.400000
1.795952e+32 2.930286e+34 1.796995e+07 1.096597e+17 9.623401e+09 4.521918e+01 4.011360e+01       convective  0.863259                             0.4          0.400000
1.752602e+32 2.902785e+34 1.800165e+07 1.101440e+17 9.540421e+09 4.533860e+01 4.156402e+01       convective  0.861832                             0.4          0.400000
1.709225e+32 2.864640e+34 1.803362e+07 1.106336e+17 9.456141e+09 4.545913e+01 4.307602e+01       convective  0.860400                             0.4          0.400000
1.600869e+32 2.765563e+34 1.811459e+07 1.118797e+17 9.239812e+09 4.576490e+01 4.713923e+01       convective  0.856803                             0.4          0.400000
1.437146e+32 2.604626e+34 1.824027e+07 1.138304e+17 8.895386e+09 4.624083e+01 5.416090e+01       convective  0.851304                             0.4          0.400000
1.126925e+32 2.255453e+34 1.849163e+07 1.177926e+17 8.169927e+09 4.719755e+01 7.122943e+01       convective  0.840603                             0.4          0.400000
7.315406e+31 1.697844e+34 1.884723e+07 1.235376e+17 7.034477e+09 4.856200e+01 1.040793e+02       convective  0.826108                             0.4          0.400000
4.619677e+31 1.212305e+34 1.912691e+07 1.281717e+17 6.008918e+09 4.964408e+01 1.393279e+02       convective  0.815208                             0.4          0.400000
2.939068e+31 8.457852e+33 1.932917e+07 1.315872e+17 5.151836e+09 5.043153e+01 1.714475e+02       convective  0.807585                             0.4          0.400000
1.891300e+31 5.827476e+33 1.947507e+07 1.340845e+17 4.437951e+09 5.100208e+01 1.987699e+02       convective  0.802215                             0.4          0.400000
1.191272e+31 3.873896e+33 1.958812e+07 1.360387e+17 3.797683e+09 5.144559e+01 2.226749e+02       convective  0.798128                             0.4          0.400000
7.574659e+30 2.562164e+33 1.966963e+07 1.374584e+17 3.261527e+09 5.176615e+01 2.415457e+02       convective  0.795220                             0.4          0.400000
4.872070e+30 1.696037e+33 1.972849e+07 1.384891e+17 2.812933e+09 5.199807e+01 2.560903e+02       convective  0.793139                             0.4          0.400000
3.068585e+30 1.092435e+33 1.977411e+07 1.392911e+17 2.409552e+09 5.217802e+01 2.679182e+02       convective  0.791538                             0.4          0.400000
1.951328e+30 7.060663e+32 1.980702e+07 1.398714e+17 2.070971e+09 5.230797e+01 2.767656e+02       convective  0.790389                             0.4          0.400000
1.255168e+30 4.595563e+32 1.983081e+07 1.402917e+17 1.787109e+09 5.240196e+01 2.833290e+02       convective  0.789561                             0.4          0.400000
7.905924e+29 2.921266e+32 1.984925e+07 1.406181e+17 1.531495e+09 5.247487e+01 2.885172e+02       convective  0.788922                             0.4          0.400000
5.027732e+29 1.870118e+32 1.986256e+07 1.408539e+17 1.316713e+09 5.252752e+01 2.923166e+02       convective  0.788461                             0.4          0.400000
3.234165e+29 1.208771e+32 1.987218e+07 1.410246e+17 1.136495e+09 5.256559e+01 2.950927e+02       convective  0.788128                             0.4          0.400000
2.037175e+29 7.642380e+31 1.987965e+07 1.411570e+17 9.741120e+08 5.259512e+01 2.972624e+02       convective  0.787871                             0.4          0.400000
1.295567e+29 4.873369e+31 1.988503e+07 1.412527e+17 8.376067e+08 5.261644e+01 2.988378e+02       convective  0.787685                             0.4          0.400000
8.334106e+28 3.141047e+31 1.988893e+07 1.413219e+17 7.230310e+08 5.263186e+01 2.999819e+02       convective  0.787551                             0.4          0.400000
5.249668e+28 1.981544e+31 1.989195e+07 1.413755e+17 6.197689e+08 5.264382e+01 3.008721e+02       convective  0.787447                             0.4          0.400000
3.338633e+28 1.261579e+31 1.989413e+07 1.414143e+17 5.329465e+08 5.265246e+01 3.015162e+02       convective  0.787372                             0.4          0.400000
2.147690e+28 8.121949e+30 1.989571e+07 1.414423e+17 4.600625e+08 5.265870e+01 3.019828e+02       convective  0.787317                             0.4          0.400000
1.352842e+28 5.119197e+30 1.989693e+07 1.414641e+17 3.943686e+08 5.266354e+01 3.023452e+02       convective  0.787275                             0.4          0.400000
8.603719e+27 3.257113e+30 1.989782e+07 1.414798e+17 3.391294e+08 5.266704e+01 3.026070e+02       convective  0.787245                             0.4          0.400000
5.534656e+27 2.095927e+30 1.989845e+07 1.414911e+17 2.927556e+08 5.266957e+01 3.027965e+02       convective  0.787223                             0.4          0.400000
3.486321e+27 1.320568e+30 1.989895e+07 1.414999e+17 2.509550e+08 5.267153e+01 3.029436e+02       convective  0.787206                             0.4          0.400000
2.217212e+27 8.399983e+29 1.989931e+07 1.415063e+17 2.158056e+08 5.267295e+01 3.030498e+02       convective  0.787193                             0.4          0.400000
1.426305e+27 5.404303e+29 1.989957e+07 1.415109e+17 1.862967e+08 5.267397e+01 3.031267e+02       convective  0.787184                             0.4          0.400000
8.984411e+26 3.404557e+29 1.989977e+07 1.415145e+17 1.596975e+08 5.267477e+01 3.031863e+02       convective  0.787178                             0.4          0.400000
5.713863e+26 2.165371e+29 1.989991e+07 1.415170e+17 1.373303e+08 5.267534e+01 3.032293e+02       convective  0.787173                             0.4          0.400000
3.675658e+26 1.393030e+29 1.990002e+07 1.415189e+17 1.185523e+08 5.267575e+01 3.032604e+02       convective  0.787169                             0.4          0.400000
2.315329e+26 8.775171e+28 1.990010e+07 1.415203e+17 1.016257e+08 5.267608e+01 3.032846e+02       convective  0.787166                             0.4          0.400000
1.472492e+26 5.580957e+28 1.990016e+07 1.415214e+17 8.739214e+07 5.267631e+01 3.033020e+02       convective  0.787164                             0.4          0.400000
9.472365e+25 3.590239e+28 1.990020e+07 1.415221e+17 7.544257e+07 5.267648e+01 3.033146e+02       convective  0.787163                             0.4          0.400000
5.966724e+25 2.261560e+28 1.990023e+07 1.415227e+17 6.467112e+07 5.267661e+01 3.033244e+02       convective  0.787162                             0.4          0.400000
3.794691e+25 1.438314e+28 1.990026e+07 1.415232e+17 5.561341e+07 5.267670e+01 3.033315e+02       convective  0.787161                             0.4          0.400000
2.441079e+25 9.252580e+27 1.990027e+07 1.415235e+17 4.800913e+07 5.267677e+01 3.033366e+02       convective  0.787160                             0.4          0.400000
1.537657e+25 5.828319e+27 1.990029e+07 1.415237e+17 4.115455e+07 5.267682e+01 3.033405e+02       convective  0.787160                             0.4          0.400000
9.779122e+24 3.706686e+27 1.990030e+07 1.415239e+17 3.539053e+07 5.267686e+01 3.033434e+02       convective  0.787159                             0.4          0.400000
6.290792e+24 2.384475e+27 1.990030e+07 1.415240e+17 3.055142e+07 5.267689e+01 3.033454e+02       convective  0.787159                             0.4          0.400000
3.962625e+24 1.502006e+27 1.990031e+07 1.415241e+17 2.618940e+07 5.267691e+01 3.033471e+02       convective  0.787159                             0.4          0.400000
2.520132e+24 9.552409e+26 1.990031e+07 1.415242e+17 2.252137e+07 5.267692e+01 3.033482e+02       convective  0.787159                             0.4          0.400000
1.621171e+24 6.144959e+26 1.990031e+07 1.415242e+17 1.944192e+07 5.267693e+01 3.033490e+02       convective  0.787159                             0.4          0.400000
1.021190e+24 3.870768e+26 1.990032e+07 1.415242e+17 1.666608e+07 5.267694e+01 3.033497e+02       convective  0.787159                             0.4          0.400000
6.494518e+23 2.461716e+26 1.990032e+07 1.415243e+17 1.433186e+07 5.267695e+01 3.033502e+02       convective  0.787159                             0.4          0.400000
4.177846e+23 1.583593e+26 1.990032e+07 1.415243e+17 1.237220e+07 5.267695e+01 3.033505e+02       convective  0.787159                             0.4          0.400000
2.631661e+23 9.975196e+25 1.990032e+07 1.415243e+17 1.060574e+07 5.267696e+01 3.033508e+02       convective  0.787159                             0.4          0.400000
1.673672e+23 6.343983e+25 1.990032e+07 1.415243e+17 9.120328e+06 5.267696e+01 3.033510e+02       convective  0.787158                             0.4          0.400000
1.076654e+23 4.081010e+25 1.990032e+07 1.415243e+17 7.873265e+06 5.267696e+01 3.033511e+02       convective  0.787158                             0.4          0.400000
6.781934e+22 2.570664e+25 1.990032e+07 1.415243e+17 6.749149e+06 5.267696e+01 3.033512e+02       convective  0.787158                             0.4          0.400000
4.313145e+22 1.634880e+25 1.990032e+07 1.415243e+17 5.803879e+06 5.267696e+01 3.033513e+02       convective  0.787158                             0.4          0.400000
2.774594e+22 1.051699e+25 1.990032e+07 1.415243e+17 5.010288e+06 5.267696e+01 3.033513e+02       convective  0.787158                             0.4          0.400000
1.747741e+22 6.624742e+24 1.990032e+07 1.415243e+17 4.294938e+06 5.267697e+01 3.033514e+02       convective  0.787158                             0.4          0.400000
1.111521e+22 4.213174e+24 1.990032e+07 1.415243e+17 3.693398e+06 5.267697e+01 3.033514e+02       convective  0.787158                             0.4          0.400000
7.150280e+21 2.710285e+24 1.990032e+07 1.415243e+17 3.188384e+06 5.267697e+01 3.033514e+02       convective  0.787158                             0.4          0.400000
4.504024e+21 1.707232e+24 1.990032e+07 1.415243e+17 2.733158e+06 5.267697e+01 3.033514e+02       convective  0.787158                             0.4          0.400000
2.864449e+21 1.085758e+24 1.990032e+07 1.415243e+17 2.350358e+06 5.267697e+01 3.033515e+02       convective  0.787158                             0.4          0.400000
1.842666e+21 6.984552e+23 1.990032e+07 1.415243e+17 2.028983e+06 5.267697e+01 3.033515e+02       convective  0.787158                             0.4          0.400000
1.160711e+21 4.399630e+23 1.990032e+07 1.415243e+17 1.739292e+06 5.267697e+01 3.033515e+02       convective  0.787158                             0.4          0.400000
7.381841e+20 2.798057e+23 1.990032e+07 1.415243e+17 1.495691e+06 5.267697e+01 3.033515e+02       convective  0.787158                             0.4          0.400000
4.748650e+20 1.799957e+23 1.990032e+07 1.415243e+17 1.291178e+06 5.267697e+01 3.033515e+02       convective  0.787158                             0.4          0.400000
2.991216e+20 1.133809e+23 1.990032e+07 1.415243e+17 1.106829e+06 5.267697e+01 3.033515e+02       convective  0.787158                             0.4          0.400000
1.902340e+20 7.210745e+22 1.990032e+07 1.415243e+17 9.518088e+05 5.267697e+01 3.033515e+02       convective  0.787158                             0.4          0.400000
1.223753e+20 4.638587e+22 1.990032e+07 1.415243e+17 8.216637e+05 5.267697e+01 3.033515e+02       convective  0.787158                             0.4          0.400000
7.708526e+19 2.921886e+22 1.990032e+07 1.415243e+17 7.043496e+05 5.267697e+01 3.033515e+02       convective  0.787158                             0.4          0.400000
4.902434e+19 1.858248e+22 1.990032e+07 1.415243e+17 6.057000e+05 5.267697e+01 3.033515e+02       convective  0.787158                             0.4          0.400000
3.153677e+19 1.195389e+22 1.990032e+07 1.415243e+17 5.228799e+05 5.267697e+01 3.033515e+02       convective  0.787158                             0.4          0.400000
1.986529e+19 7.529859e+21 1.990032e+07 1.415244e+17 4.482250e+05 5.267697e+01 3.033515e+02       convective  0.787158                             0.4          0.400000
1.263384e+19 4.788806e+21 1.990032e+07 1.415244e+17 3.854477e+05 5.267697e+01 3.033515e+02       convective  0.787158                             0.4          0.400000
8.127198e+18 3.080582e+21 1.990032e+07 1.415244e+17 3.327437e+05 5.267697e+01 3.033515e+02       convective  0.787158                             0.4          0.400000
5.119393e+18 1.940485e+21 1.990032e+07 1.415244e+17 2.852358e+05 5.267697e+01 3.033515e+02       convective  0.787158                             0.4          0.400000
3.255809e+18 1.234101e+21 1.990032e+07 1.415244e+17 2.452863e+05 5.267697e+01 3.033515e+02       convective  0.787158                             0.4          0.400000
2.094423e+18 7.938827e+20 1.990032e+07 1.415244e+17 2.117472e+05 5.267697e+01 3.033515e+02       convective  0.787158                             0.4          0.400000
1.319295e+18 5.000736e+20 1.990032e+07 1.415244e+17 1.815147e+05 5.267697e+01 3.033515e+02       convective  0.787158                             0.4          0.400000
8.390395e+17 3.180346e+20 1.990032e+07 1.415244e+17 1.560922e+05 5.267697e+01 3.033515e+02       convective  0.787158                             0.4          0.400000
5.397441e+17 2.045879e+20 1.990032e+07 1.415244e+17 1.347490e+05 5.267697e+01 3.033515e+02       convective  0.787158                             0.4          0.400000
3.399895e+17 1.288717e+20 1.990032e+07 1.415244e+17 1.155100e+05 5.267697e+01 3.033515e+02       convective  0.787158                             0.4          0.400000
2.162250e+17 8.195924e+19 1.990032e+07 1.415244e+17 9.933195e+04 5.267697e+01 3.033515e+02       convective  0.787158                             0.4          0.400000
1.390950e+17 5.272340e+19 1.990032e+07 1.415244e+17 8.574985e+04 5.267697e+01 3.033515e+02       convective  0.787158                             0.4          0.400000
8.761714e+16 3.321093e+19 1.990032e+07 1.415244e+17 7.350680e+04 5.267697e+01 3.033515e+02       convective  0.787158                             0.4          0.400000
5.572236e+16 2.112134e+19 1.990032e+07 1.415244e+17 6.321160e+04 5.267697e+01 3.033515e+02       convective  0.787158                             0.4          0.400000
3.584553e+16 1.358711e+19 1.990032e+07 1.415244e+17 5.456840e+04 5.267697e+01 3.033515e+02       convective  0.787158                             0.4          0.400000
2.257941e+16 8.558637e+18 1.990032e+07 1.415244e+17 4.677732e+04 5.267697e+01 3.033515e+02       convective  0.787158                             0.4          0.400000
1.435995e+16 5.443084e+18 1.990032e+07 1.415244e+17 4.022580e+04 5.267697e+01 3.033515e+02       convective  0.787158                             0.4          0.400000
9.237588e+15 3.501471e+18 1.990032e+07 1.415244e+17 3.472554e+04 5.267697e+01 3.033515e+02       convective  0.787158                             0.4          0.400000
5.818837e+15 2.205607e+18 1.990032e+07 1.415244e+17 2.976756e+04 5.267697e+01 3.033515e+02       convective  0.787158                             0.4          0.400000
3.700638e+15 1.402712e+18 1.990032e+07 1.415244e+17 2.559838e+04 5.267697e+01 3.033515e+02       convective  0.787158                             0.4          0.400000
2.380576e+15 9.023480e+17 1.990032e+07 1.415244e+17 2.209820e+04 5.267697e+01 3.033515e+02       convective  0.787158                             0.4          0.400000
1.499546e+15 5.683969e+17 1.990032e+07 1.415244e+17 1.894310e+04 5.267697e+01 3.033515e+02       convective  0.787158                             0.4          0.400000
9.536745e+14 3.614865e+17 1.990032e+07 1.415244e+17 1.628997e+04 5.267697e+01 3.033515e+02       convective  0.787158                             0.4          0.400000
6.134874e+14 2.325400e+17 1.990032e+07 1.415244e+17 1.406257e+04 5.267697e+01 3.033515e+02       convective  0.787158                             0.4          0.400000
3.864411e+14 1.464789e+17 1.990032e+07 1.415244e+17 1.205477e+04 5.267697e+01 3.033515e+02       convective  0.787158                             0.4          0.400000
2.457671e+14 9.315703e+16 1.990032e+07 1.415244e+17 1.036641e+04 5.267697e+01 3.033515e+02       convective  0.787158                             0.4          0.400000
1.580990e+14 5.992681e+16 1.990032e+07 1.415244e+17 8.948961e+03 5.267697e+01 3.033515e+02       convective  0.787158                             0.4          0.400000
9.958795e+13 3.774842e+16 1.990032e+07 1.415244e+17 7.671261e+03 5.267697e+01 3.033515e+02       convective  0.787158                             0.4          0.400000
6.333550e+13 2.400707e+16 1.990032e+07 1.415244e+17 6.596842e+03 5.267697e+01 3.033515e+02       convective  0.787158                             0.4          0.400000
4.074297e+13 1.544346e+16 1.990032e+07 1.415244e+17 5.694826e+03 5.267697e+01 3.033515e+02       convective  0.787158                             0.4          0.400000
2.566435e+13 9.727969e+15 1.990032e+07 1.415244e+17 4.881740e+03 5.267697e+01 3.033515e+02       convective  0.787158                             0.4          0.400000
1.632189e+13 6.186749e+15 1.990032e+07 1.415244e+17 4.198014e+03 5.267697e+01 3.033515e+02       convective  0.787158                             0.4          0.400000
1.049968e+13 3.979861e+15 1.990032e+07 1.415244e+17 3.624001e+03 5.267697e+01 3.033515e+02       convective  0.787158                             0.4          0.400000
6.613835e+12 2.506948e+15 1.990032e+07 1.415244e+17 3.106579e+03 5.267697e+01 3.033515e+02       convective  0.787158                             0.4          0.400000
4.206235e+12 1.594357e+15 1.990032e+07 1.415244e+17 2.671479e+03 5.267697e+01 3.033515e+02       convective  0.787158                             0.4          0.400000
2.705817e+12 1.025629e+15 1.990032e+07 1.415244e+17 2.306195e+03 5.267697e+01 3.033515e+02       convective  0.787158                             0.4          0.400000
1.704414e+12 6.460513e+14 1.990032e+07 1.415244e+17 1.976925e+03 5.267697e+01 3.033515e+02       convective  0.787158                             0.4          0.400000
1.083964e+12 4.108722e+14 1.990032e+07 1.415244e+17 1.700042e+03 5.267697e+01 3.033515e+02       convective  0.787158                             0.4          0.400000
6.972922e+11 2.643058e+14 1.990032e+07 1.415244e+17 1.467583e+03 5.267697e+01 3.033515e+02       convective  0.787158                             0.4          0.400000
4.392200e+11 1.664846e+14 1.990032e+07 1.415244e+17 1.258039e+03 5.267697e+01 3.033515e+02       convective  0.787158                             0.4          0.400000
2.793377e+11 1.058819e+14 1.990032e+07 1.415244e+17 1.081851e+03 5.267697e+01 3.033515e+02       convective  0.787158                             0.4          0.400000
1.796448e+11 6.809366e+13 1.990032e+07 1.415244e+17 9.338424e+02 5.267697e+01 3.033515e+02       convective  0.787158                             0.4          0.400000
1.130978e+11 4.286926e+13 1.990032e+07 1.415244e+17 8.003703e+02 5.267697e+01 3.033515e+02       convective  0.787158                             0.4          0.400000
7.198049e+10 2.728392e+13 1.990032e+07 1.415244e+17 6.884467e+02 5.267697e+01 3.033515e+02       convective  0.787158                             0.4          0.400000
4.594397e+10 1.741488e+13 1.990032e+07 1.415244e+17 5.927747e+02 5.267697e+01 3.033515e+02       convective  0.787158                             0.4          0.400000
2.867226e+10 1.086811e+13 1.990032e+07 1.415244e+17 5.065491e+02 5.267697e+01 3.033515e+02       convective  0.787158                             0.4          0.400000
1.837088e+10 6.963408e+12 1.990032e+07 1.415244e+17 4.366600e+02 5.267697e+01 3.033515e+02       convective  0.787158                             0.4          0.400000
1.110202e+10 4.208178e+12 1.990032e+07 1.415244e+17 3.691738e+02 5.267697e+01 3.033515e+02       convective  0.787158                             0.4          0.400000
1.011020e+10 3.832232e+12 1.990032e+07 1.415244e+17 3.578356e+02 5.267697e+01 3.033515e+02       convective  0.787158                             0.4          0.400000
1.001102e+10 3.794637e+12 1.990032e+07 1.415244e+17 3.566616e+02 5.267697e+01 3.033515e+02       convective  0.787158                             0.4          0.400000
1.000110e+10 3.790878e+12 1.990032e+07 1.415244e+17 3.565438e+02 5.267697e+01 3.033515e+02       convective  0.787158                             0.4          0.400000
1.000011e+10 3.790502e+12 1.990032e+07 1.415244e+17 3.565320e+02 5.267697e+01 3.033515e+02       convective  0.787158                             0.4          0.400000
1.000001e+10 3.790464e+12 1.990032e+07 1.415244e+17 3.565308e+02 5.267697e+01 3.033515e+02       convective  0.787158                             0.4          0.400000
1.000000e+10 3.790461e+12 1.990032e+07 1.415244e+17 3.565307e+02 5.267697e+01 3.033515e+02       convective  0.787158                             0.4          0.400000
1.000000e+10 3.790460e+12 1.990032e+07 1.415244e+17 3.565307e+02 5.267697e+01 3.033515e+02       convective  0.787158                             0.4          0.400000
1.000000e+10 3.790460e+12 1.990032e+07 1.415244e+17 3.565307e+02 5.267697e+01 3.033515e+02       convective  0.787158                             0.4          0.400000
1.000000e+10 3.790460e+12 1.990032e+07 1.415244e+17 3.565307e+02 5.267697e+01 3.033515e+02       convective  0.787158                             0.4          0.400000
1.000000e+10 3.790460e+12 1.990032e+07 1.415244e+17 3.565307e+02 5.267697e+01 3.033515e+02       convective  0.787158                             0.4          0.400000
1.000000e+10 3.790460e+12 1.990032e+07 1.415244e+17 3.565307e+02 5.267697e+01 3.033515e+02       convective  0.787158                             0.4          0.400000
1.000000e+10 3.790460e+12 1.990032e+07 1.415244e+17 3.565307e+02 5.267697e+01 3.033515e+02       convective  0.787158                             0.4          0.400000
1.000000e+10 3.790460e+12 1.990032e+07 1.415244e+17 3.565307e+02 5.267697e+01 3.033515e+02       convective  0.787158                             0.4          0.400000
1.000000e+10 3.790460e+12 1.990032e+07 1.415244e+17 3.565307e+02 5.267697e+01 3.033515e+02       convective  0.787158                             0.4          0.400000